827.101
12887.9
674.552
707.384
13350.3
13288.8
543.363
13479.8
647.654
12450.6
12921.3
651.354
583.733
13271.3
424.446
12879.7
13084.4
2186.5
12792
12591.9
8196.44
917.893
1094.74
3023.88
11679.3
676.415
13230.8
12745.9
13236.7
13195.6
945.999
443.785
13147.4
980.49
10476.2
13057.3
554.099
861.571
1287.85
525.776
12835.8
478.514
12890.3
12893.3
13330.5
12799.9
811.111
623.803
694.633
13263.5
12883.5
12988.4
12656.9
12740
702.542
1855.02
12865.5
599.283
574.441
10481.6
9322.69
11741.3
13035.3
841.364
8001.26
12883.9
1984.18
556.575
552.828
12993.8
5454.91
795.463
912.946
598.305
1013.54
12627.6
491.398
13038.8
13069.2
635.612
557.873
21489
11473.9
13036.5
587.829
573.562
1280.23
12792.6
665.128
1142.55
742.857
561.74
513.834
1491.28
898.049
471.414
12999.6
12657.9
12693.8
855.771
1195.49
259.568
610.8
9317.32
806.675
12920.2
12693.5
13126
2396.41
388.04
13096.5
863.579
550.538
13326.6
517.438
12916.4
12311.7
12911.2
13106
12887.5
743.306
13139.1
950.187
603.959
1514.98
598.758
964.961
13334.5
842.518
12098.7
13170.8
563.898
698.594
13099.6
12840.4
558.082
12959
514.818
986.141
13020.4
491.504
703.611
671.658
12968.1
528.11
13043.9
672.508
13170.1
12933.9
564.207
12739.1
13200.6
12724.6
526.748
12977.5
10711.5
617.07
584.723
656.369
923.821
12973.6
613.857
12785.1
13445.5
12359.3
12976.5
4409.08
3858.05
606.04
623.585
925.646
557.005
523.202
4385.55
2772.09
445.237
621.17
9052.8
641.057
1003.46
566.159
13145.1
12931.9
574.937
12729.5
713.217
699.341
820.658
13198.8
12842.1
12405.4
774.196
12950.9
12974
12812.7
499.085
13127.9
13332.9
6117.51
13160.1
10670.2
639.644
13143.5
13026.4
677.105
13214.4
623.019
466.884
682.052
12514.3
12738.7
1032.74
13188.5
470.345
659.59
5862.09
12959.8
1146.01
12981.9
13110.5
12721.8
433.669
8550.53
12953.3
815.439
963.995
922.836
687.342
13122.5
12881
1684.92
8324.21
12859
13374
481.762
13209
12800.2
13030.5
657.713
12842.6
618.681
13140.8
10136.3
648.013
7496.33
7808.25
719.067
505.004
13375.3
588.057
12997.9
1840.83
13197.9
13198.2
13010
739.849
405.583
13057.3
446.595
12801.7
759.268
944.263
13024.5
853.499
541.291
557.141
609.043
1844.49
12524.8
968.466
1031.59
485.63
13032.9
12820.5
4754.55
13132
13322.8
1077
12410.5
12023.7
576.975
13047.1
13042.3
24460.5
12593.9
12069.6
12910.6
717.445
721.225
3940.26
782.716
483.524
580.963
12585.6
3971.65
12487.1
10548
13201.5
1139.06
12096.4
8805.58
13333
1027.11
12534.8
930.647
13576.3
613.036
12993.8
838.186
10601.9
575.599
1837.58
833.152
3496
850.614
13050.4
649.569
574.586
12927.1
482.181
13304.3
455.676
12806.7
618.833
560.735
13057.9
860.965
566.637
489.891
1423.77
12263.9
2801.9
1358.84
865.87
2689.07
12874.2
12836
562.145
14413.6
13175.1
13107.9
895.286
795.928
595.265
8311.73
13427
675.505
1411.31
480.888
1072.47
734.637
662.718
549.098
9793.87
12702.9
13011.8
13009.1
13033.3
12954.7
1937.95
13017.5
12903.8
574.264
1810.5
13018.8
13138.2
4854.75
1071.06
13141.8
740.768
877.742
12586.1
13082.9
987.263
3563.65
561.582
12756.5
502.683
12641.1
594.991
1163.97
810.763
13088.3
7771.24
1156.54
569.335
470.973
497.82
13087.1
990.439
13065.4
585.4
660.429
647.853
641.996
638.127
3410.8
488.625
13114.9
514.374
961.863
12881.6
13360.7
535.236
567.976
12702.9
500.171
13044.4
12854.4
998.337
9882.81
12716.5
609.17
673.133
6775.18
13264.9
12809.8
13074.3
6671.48
13281.5
10724.7
660.285
830.126
12760
687.634
13041.1
2131.05
610.866
13073.8
2336.31
662.457
12852.9
568.651
497.69
1784.14
2030.87
12588.5
13094.7
12669
13045.3
584.783
1011.16
537.199
12762.1
12995.3
5886.71
524.637
887.775
522.342
1114.48
384.45
12899.1
441.162
12746.9
12668.7
13052
12623.9
1045.02
781.007
13132.5
2122.59
854.773
13252.8
12877.9
8265.91
12991.1
4249.11
12180.2
836.593
882.278
12751.9
772.359
767.224
12983.4
480.484
5466.82
12967.5
525.743
880.378
941.378
13037.7
736.543
545.45
9957.99
12726.8
12672.6
12760
810.644
484.412
460.458
1064.82
8750.26
1074.31
535.412
12844
561.889
1545.51
13186
329.29
699.849
679.132
13242.8
13189.9
1237.03
12767.9
2700.46
637.33
740.091
473.296
468.661
12982.4
469.877
450.675
13069.4
499.617
13221.1
463.869
12948.5
1014.8
13215.9
394.561
12791.5
1195.04
486.717
493.379
13136
3641.34
2443.15
13126.8
655.958
9307.93
1162.98
525.963
1240.32
13420.4
12718.5
471.394
785.524
12761.3
12796.2
12655.6
681.814
734.248
845.217
960.371
462.301
1726.36
1159.12
377.411
3024.7
13206.6
610.814
814.608
1045.01
12989.7
479.843
12856.9
13513.8
13031.2
13195.6
726.94
594.394
643.419
2940.37
13099.5
12978
5260.9
2154.39
606.878
12978.7
1978.46
12844.7
13179.5
666.135
12984.1
848.014
13231.7
724.205
805.794
12744.5
652.894
770.298
470.243
12868.2
431.251
12435.1
12795.1
498.554
12170.3
1002.82
607.527
505.383
12590.2
901.111
12334
13473.2
1181.73
13120.3
528.001
545.297
1744.48
13159.9
12919.3
442.384
12797.6
11528.6
12322.7
988.465
13051.4
12937.4
1680.44
1341.43
12555.5
962.199
13149.9
12936.3
750.509
13296.6
644.962
13039.2
674.214
4059.5
931.146
11150
720.248
12441.5
12885.7
620.535
12906.5
13052.5
1149.11
628.71
455.655
736.43
9906.12
12450.1
485.892
12317.9
12822.6
527.513
497.777
12941
1108.21
12804.5
2031.5
4969.48
11122
981.223
12551.6
1461.34
812.849
12444.9
742.443
948.526
1280.55
558.746
512.363
1312.97
12933.8
13403.3
1412.94
13149.1
12735.1
12869
12905.4
773.907
572.306
606.497
12572.3
540.777
6294.69
13018
751.616
13197.6
13473.9
13107.5
755.197
13131.1
1965.44
439.984
13122.3
1003.39
13142.8
12975.3
12358.2
627.757
12820.7
609.085
13051.7
1566.96
575.857
12873.9
466.321
696.047
1719.76
13032.6
741.205
13044.7
3786.3
662.413
12940.6
825.87
976.424
13064.1
13098.2
13019.6
905.733
579.098
12811.6
12817.2
904.626
2144.35
13123.6
932.693
12835.5
12845.7
996.121
1087.37
13039.9
13306
950.304
1569.27
11410.4
13058.3
969.087
13065.3
13323.9
13070.7
820.312
8409.57
3169.54
500.334
966.21
13053.7
707.15
544.595
1239.5
13045.9
13310.3
512.627
786.32
13026.5
659.185
688.603
815.796
12958.2
595.931
12863.1
13197.2
13131
811.308
13391.1
633.381
878.477
12822.5
337.473
558.166
6745.17
12858.6
11092.1
630.105
513.577
877.434
843.414
749.352
708.838
1361.88
1080.45
13185.6
13212.6
12983
12604.9
13064.6
2974.59
2813.91
13089.2
11438.7
13251.1
704.651
13260.6
520.154
666.331
614.872
1835.79
778.487
873.103
1510.35
9304.39
741.529
1529.43
576.153
924.921
2824.37
459.974
12668
439.74
13180.3
12910.3
12990.1
13219.8
12988.6
3781.07
506.15
915.816
984.48
519.897
2023.44
558.653
1412.76
12988.5
12805
940.935
13100.3
470.841
12621.1
13196.8
10773.3
5557.49
12726.4
665.031
13098
13185.2
13224
12301
453.921
517.534
624.216
465.921
13081.8
12749.6
544.555
13021.5
507.468
1327.05
884.645
13234.5
8990.18
461.635
836.921
12985
5291.73
10510.3
12768.2
647.235
12967.9
13045.1
13004.5
859.155
628.982
12908.9
13137.3
13121.4
265.397
13253.1
551.646
12817.5
747.533
550.137
469.825
657.063
470.054
12955.1
742.803
460.991
619.443
12905.2
433.339
12772.9
1130.25
13151.3
1156.64
4259.7
12967.2
2185.12
12960
4455.69
763.641
2588.6
538.678
635.532
12900.7
2526.54
13159.3
464.381
539.433
623.08
13016.8
12967.2
13559.6
634.581
648.595
12510.9
12797.5
13179
12725.5
817.279
13235.2
559.29
561.474
679.223
13130.7
13097
9852.74
815.1
1946.91
410.521
12935.5
13578.1
946.755
12916.7
1165.1
577.582
4646.95
542.977
13159.1
493.102
606.154
13034.9
925.709
12856.9
1872
12772.8
708.827
12830.9
495.98
568.427
956.095
13085.3
12292.8
13206.8
594.841
821.607
12775.3
12912.9
576.969
13284.6
13120
13181.3
714.778
598.303
1103.86
12590.4
12800.6
5477.73
710.23
13136.7
706.572
12537.1
1244.16
12836.2
1226.68
12192.3
1584.3
668.805
13110.4
10793.6
1165.9
13219.6
495.973
13070.2
13113.4
595.446
12311.4
577.606
13179.8
569.544
12990.6
12821.3
593.509
12881.8
3600.62
13065.1
11985.1
13119.4
717.76
626.093
12820.9
1126.29
13246.7
13128.1
919.038
13162.2
13130
497.307
613.573
439.373
573.785
6573.9
646.662
12724.3
12509.7
13169.9
13257.5
655.725
557.113
680.011
711.199
6961.66
12990.1
7342.28
549.582
11006.7
704.366
13289.8
12788.6
519.125
12742.6
4193.37
610.696
472.902
565.346
13248.9
4124.6
13256.2
562.364
468.431
13173.5
452.352
663.743
5664.09
12872.9
660.421
12647.6
804.805
2658.98
678.607
12467.4
854.92
11565.3
12912.1
657.552
13118
12641.7
520.608
683.189
805.62
501.963
5145.81
13071.7
13015.1
983.549
13259.5
12971.2
12573.9
429.287
782.716
12727.1
444.922
13131
13355.1
7263.42
468.221
640.333
571.413
748.314
698.063
12692.9
829.15
824.058
12856.5
769.936
635.102
8325.72
11456.5
12681.6
13040.8
12980.7
514.9
843.598
644.028
13273.1
13073.8
13092.4
13292.2
4971.78
893.775
13323.3
480.147
439.061
13040.6
15434.8
384.958
13241.5
602.673
499.192
4518.64
12965.9
423.654
591.873
931.536
867.825
11597.6
858.094
458.242
12967.7
906.324
729.068
12764.6
12491.9
647.15
4416.18
13364
9277.94
1219.12
2315.94
778.919
12879.3
13082.6
12999.4
13205.5
8499.09
744.781
456.655
13122.5
13338.6
501.755
13139.6
13038.5
13014.5
10002
576.138
9018.13
493.164
583.079
12942.9
527.61
858.208
12842.5
12958.5
714.691
660.662
746.373
1024.54
703.876
505.341
13116.3
12905.7
12536.8
13134.9
1155.23
645.464
13049
13121.7
13368
12481.4
13131.9
785.706
815.555
13353.4
5943.4
777.084
994.688
1454.22
12763.3
841.498
12682.9
300.619
673.764
10300.6
488.986
6420.33
13205.5
13039.3
558.967
796.71
480.313
13331.2
1283.72
13212.7
12984.6
12539.9
13128.5
10341.9
12969.2
13228.7
12307.2
12689.8
12806.1
10733.1
567.322
629.498
13009.7
4848.13
1232.86
12468.9
867.489
12807
12893.2
12422.6
13357.3
525.198
12811.7
469.839
12696.2
773.681
1487.34
13228.5
4046.66
701.618
325.649
440.896
12754.1
554.215
1032.94
13242.5
12953.6
4810.62
475.544
13190.4
13108
12918.4
988.538
964.232
11378.8
497.34
497.016
1935.25
626.714
13484.9
516.326
12963.1
559.526
1395.76
13122.1
1166.99
8456.38
548.707
523.911
12993.2
13083.3
2638.47
12421.5
5944.3
2069.6
12849.5
748.462
928.733
1185.05
3241.48
13042.8
820.883
557.465
13299.3
1068.97
482.169
646.278
13303.6
12706.3
1182.57
845.031
8049.76
493.553
13043.3
5603.82
521.15
2509.59
10621.4
1661.77
12470.2
13093.3
13329.6
2236.52
13249.5
644.006
12879.1
727.96
701.321
13199.8
12147.8
13166.8
12758.1
12480.4
638.231
12853.7
3654.07
538.181
864.74
13218.5
823.725
879.491
534.234
702.506
738.826
853.182
12847.5
8031.63
842.863
572.585
496.862
13057
660.823
840.865
482.611
1021.03
576.355
1781.18
654.957
655.538
13258.3
12667
436.555
3453.65
1591.42
13133.3
834.772
13314.6
894.47
602.411
1861.23
1362.81
973.458
686.335
622.229
1618.1
759.896
12559.2
10391
546.097
13137.2
1288.73
502.018
11439.4
6799.28
558.878
2563.08
2338.62
6576.59
13157.3
546.478
13180.3
454.105
584.871
763.229
2261.56
12809.8
374.477
13261
11208.5
13676.7
12752.3
13124
4028.18
11121.9
438.928
490.681
949.302
537.129
12997.9
923.784
499.272
700.868
828.6
604.263
622.554
766.782
487.084
7993.41
12915.1
11554.8
822.277
4666.82
619.042
12637.5
12893.2
13019.8
12976.2
493.273
370.013
514.695
858.91
12978.3
13018.3
473.091
13025.9
5982.35
13316.8
12785.5
12897.4
1027.65
646.004
1267.79
1234.51
645.194
12866.1
10463.7
434.762
13014.8
2171.23
1478.34
1801.07
13093.3
12686.9
12933.8
813.982
13134.8
721.847
658.928
501.694
1017.71
12694.9
10404.8
766.909
547.293
756.466
3169.63
12902.9
550.547
625.084
452.056
1422.19
4802.14
533.839
13094.6
613.973
12312.3
12933.4
12634.1
1065.52
464.439
13223.6
13037.3
13015.8
12553.4
12801.2
12432.3
13102.4
12770.6
12976.5
2976.2
855.156
652.532
13191.6
1131.24
955.144
12923.6
12901
412.465
590.142
13120
553.484
1734.68
1625.54
13076.5
841.799
12967.1
12993.7
12938.5
12938.1
474.564
919.606
13226.4
711.75
1005.47
689.419
13163.9
13081.9
1131.7
12731.7
556.557
4563.06
13116.7
596.223
2980.48
676.171
856.892
8074.17
12343.4
13149.9
12703.6
12866.3
13239.1
546.884
13288.6
499.15
742.996
12967.1
932.081
12945.7
908.957
4984.16
856.899
488.71
1053.94
569.514
12190.9
5042.05
12747.8
471.352
12877.4
1082.08
618.202
13056.2
710.475
13095.3
13366.1
519.065
12951.3
12617.9
1084.51
505.705
13245.8
4175.65
12493.8
924.442
649.789
695.695
863.423
12909.3
12968.6
5716.7
13360.6
12572.9
431.89
12985.8
12858.6
652.178
12991
12789.3
658.716
969.281
13006.2
12997.6
794.243
948.541
609.773
510.676
12945.3
570.358
11142.5
487.214
1561.61
765.616
1072.49
12488.8
5715.89
13006.9
541.143
861.646
453.126
806.679
13265.3
13273.4
13211.2
623.334
743.385
1091.3
487.457
541.082
468.252
13482.7
12799.9
12978.3
494.143
12989.2
1685.96
828.872
8944.41
13165
12899.3
13226
6456.39
12920.6
12473.9
1246.61
12399.9
563.005
13006.9
616.514
12754.6
1358.41
12901.3
1179.52
12901.1
2742.67
603.499
563.852
2077.98
12914.5
13004.3
13223.8
887.318
13204.6
3838.54
925.985
2398.72
12945.8
13311.5
787.094
467.056
543.726
544.782
827.434
447.21
613.241
3752.96
13073.1
466.372
12582.6
634.472
13166.8
13130.6
480.262
8905.47
681.745
786.418
12821.6
13131.5
973.497
473.018
12895.1
12913.9
557.263
828.476
13225.5
12979.6
682.112
701.615
955.358
13205.7
393.327
704.241
2073.11
12806.6
13152.2
13090.2
554.106
12697.4
446.474
3276.28
12728.8
13183.6
525.213
12661.3
12982.3
449.031
13308.2
12982.1
470.37
12898
431.708
13285.6
1681.26
12607.4
520.284
787.301
858.246
11936.8
13362.4
649.408
4392.22
555.305
12998.1
1532.35
12911.1
11565.6
451.77
12977.9
1326.05
513.135
1542.34
11674.1
13071.4
1253.09
598.719
615.593
12561.7
735.571
11619.6
1428.66
12438.9
680.123
1518.83
12993.8
4171.05
341.334
5678.61
13101.7
13372.1
5319.55
12722.3
493.253
13169.9
13276.7
757.376
12784.2
461.245
12915.3
13050.5
591.861
631.082
652.935
1262.53
462.909
550.908
758.431
13443.1
13028.5
13202
664.083
658.803
13068.8
722.946
13229.3
641.662
12996.7
589.218
13327.6
635.576
13222.3
609.376
13001.9
564.13
457.278
2728.53
556.751
12259.5
13120.7
12459.6
7015.73
2171.76
13031.2
553.064
12591.5
567.737
589.906
1137.7
747.955
601.206
642.605
13076.6
724.465
13122.8
13007.6
12974.1
12947.4
13252
616.64
629.191
982.816
13030.2
2539.38
11810.3
13075.6
12788.7
13030.5
447.14
12991.5
13105.8
662.581
13117.8
12815
13082
1026.24
13068.7
517.57
9959.9
13122.8
580.628
762.368
674.637
603.877
2659.24
538.98
465.632
896.038
768.265
640.909
12721
637.892
578.692
12755
13160.4
13461.2
1187.16
12531.7
13070
13136.3
12879.4
1892.14
12682.9
12893.4
16392.2
469.284
12729
13168.8
805.673
1410.05
618.387
13308.1
643.841
13100.2
13047.8
13007.7
1088.69
1064.04
12514.2
12585
13283.1
629.909
776.066
601.766
289.875
12876
13359.1
589.278
12975
699.168
578.821
12924.4
558.042
13117.4
671.286
12802.6
5169.49
12568.6
9097.33
13059.4
12632.5
500.33
4653.39
508.915
758.299
706.99
506.123
956.332
13233.7
12509.9
954.431
1108.65
901.99
13222.4
428.195
490.563
570.579
4764.27
465.815
537.263
12983.4
609.604
586.318
13233.4
4072.37
519.412
12701.9
12712.1
12758.9
12778.9
661.642
13028
12724.1
1039.08
3285.82
6162.02
3964.83
12673.2
12882.9
2912.31
12509.6
474.082
1129.1
2335.01
12893.2
497.874
642.9
668.718
523.429
732.706
739.635
12699.3
10710.7
12502.2
13056.1
529.758
863.909
13157.6
673.694
453.579
13139.5
13006
12800.8
965.424
509.383
12896.5
13126.7
13152.2
626.491
539.848
720.373
620.622
738.269
6953.52
13322.2
565.176
694.281
12875.8
12755.6
12109.2
12833.5
12878.3
652.052
795.542
258.664
1005.85
12849.7
12713.1
12787.5
7289.91
12793.7
781.147
3659.06
12770.1
12860.2
634.154
568.393
12987.1
13100.1
1738.44
5929.95
12977.9
539.809
782.255
12864.9
528.023
665.014
12910.3
2504.11
476.123
2741.53
13248.5
12964.8
443.487
715.265
970.603
12593.8
796.548
5412.41
1790.26
10964.3
626.132
13197.4
13216.6
12870.4
1362.83
11195.4
796.737
905.678
13068.1
12957.8
13188.2
13053.8
828.991
503.844
1508.96
454.318
11924
13205.4
12696.1
12976.4
13280.1
13044.3
12755.6
12767.7
697.149
13216.3
1682.78
1153.75
10914.7
588.229
1399.31
2365.43
13036.2
577.071
494.204
612.759
872.816
12761.9
448.118
13308.5
878.939
590.584
12856.8
1688.59
13429.2
691.91
13051.5
13164.6
478.877
592.777
1179.43
13374.8
477.922
1045.82
13141.9
807.965
1560.17
13350.3
12901.5
12292.3
13027.9
9866.96
776.623
12948.6
1960.07
5184.9
12805.8
656.166
690.71
3019.62
13199.4
2730.07
1004.52
12247.4
464.958
13332.1
13050.5
487.051
578.396
12490.2
681.125
585.174
697.644
521.748
507.347
12758.2
1660.24
480.948
13049.9
12159.1
2335.42
10922
463.29
12886.8
727.259
520.433
6997.56
621.412
12289.7
593.089
12978.7
12675.9
751.922
12852
739.262
835.733
12738.3
422.082
644.333
2405.75
438.639
12992.6
2022.35
13127.5
12373.2
1413.29
459.809
12912.2
12979.7
12764.3
13428.6
12653
502.995
11647.5
12757.2
12888.2
13248
13100.5
571.475
518.847
474.544
12891.7
1044.93
13241.1
12927.7
492.595
13141
12668.3
12841.3
13103.3
13013.8
12649.8
481.541
639.871
12374.2
523.815
442.408
13329.1
12963.8
13294.8
12945.9
13134.2
751.234
570.414
756.488
635.955
13160
441.626
512.601
662.559
13193.5
812.258
602.246
13152.9
13351.1
2229.31
572.398
774.278
3263.96
566.706
434.572
13023.9
13152.1
833.13
12229.3
13409.7
12667.7
13041
13065.2
12985.7
616.624
551.51
8300.98
933.006
12991.4
1151.32
4366.25
768.411
885.984
460.119
13000.6
502.328
513.571
725.264
12864.8
3724.69
5060.71
12189
13054.5
601.143
613.751
13026.7
826.212
496.553
12913
631.513
3050.06
478.15
12982.9
5704.71
13220.2
13130.6
825.234
598.879
12499.2
796.506
547.995
13157.9
13107.3
581.801
12904.2
660.658
498.066
5808.18
573.834
12823
992.132
1299.42
1760.08
13266.9
12537
833.149
615.695
13072
730.866
454.943
13167.3
1507.44
13021.2
13042.5
13045
2296.01
518.218
1361.04
602.557
13017.6
12720.4
10704.6
771.527
13184
12945.6
802.13
13193
657.758
12766.1
520.981
13007.2
6167.84
12743.2
13279.8
866.919
1022.45
764.759
581.785
12480.4
461.218
946.28
990.692
12515.5
795.661
12911.4
1404.87
12637.2
13333.4
13268.1
12890.3
474.7
825.702
13133.7
12802.1
1261.51
11855.5
426.166
12706.2
12911.5
13132.7
562.258
4207.84
635.099
728.716
12838.1
590.096
1462.78
13340.3
12914.5
534.373
12997.8
13014.3
783.252
899.524
12922.4
12978.8
814.207
937.528
594.552
6726.77
795.505
727.196
10969.4
1152.36
541.58
949.43
1190.79
504.011
1225.16
12931.7
13018.8
816.983
8395.33
12750.9
488.718
12549.8
13029.4
12545.9
1367.36
864.331
615.554
854.266
1058.08
12941
1297.88
12476.1
13183.7
476.437
796.413
474.788
12700.9
13018.5
10813.3
627.144
407.643
1022.73
2496.28
13225.7
1889.03
13055.9
12610.4
807.901
587.696
13187.2
13266
494.468
509.555
1178.92
1311.05
657.331
1291.96
6316.61
10204.4
13320
12775.8
12896.6
602.66
12989.2
826.238
12249.4
12978.9
512.663
12475.7
13061.9
530.414
12929.8
13189.1
475.385
470.738
375.441
12822.9
763.054
12533.9
13066.2
5127.1
11870.5
3951.48
444.235
13115.4
747.672
475.616
12656.8
10495.3
13021.6
777.589
12856.5
3201.59
13030.5
13411.3
527.02
1064.33
12158.1
12772.3
13174.8
894.053
13204.3
13048
4892.19
528.368
691.106
12894.1
12853.4
13094.6
479.281
13020
12689.9
12919.7
9523.11
772.397
4933.67
623.342
12891.7
730.249
13116.4
13328.3
1035.99
474.906
13213.6
538.448
1313.55
1215.17
491.009
463.754
450.285
12661.7
443.454
518.08
871.755
778.13
6882.4
11965
4258.66
588.969
442.536
8419.31
744.871
642.471
13123.2
603.142
13026.8
13013.2
479.027
1394.98
13167.9
13385.9
427.635
2702.11
13261.4
706.556
13257.2
10978.8
2804.95
366.929
498.902
693.783
1631.49
707.48
12553.8
13230.9
563.126
13187.7
12382.5
809.128
12726.9
1315.65
11919.7
922.128
12647.4
12684.8
473.815
728.073
13103.5
766.9
659.312
505.793
423.76
5722.93
13243.2
13088.1
13340.5
12863.5
513.269
443.803
13082.3
12848.6
12416.8
3969.84
12278.2
13253.6
795.55
443.586
624.961
554.606
590.478
579.965
13135.7
733.921
495.257
12817
907.38
1287.3
12928.2
13061.5
13293.2
13036.8
915.157
1208.4
621.635
832.52
12998.6
12860.9
13187.6
771.215
582.774
12832.1
2368.7
14236.5
12993.2
12727.1
1276.49
415.004
692.868
13360.2
13041.9
549.401
379.879
964.016
704.124
507.108
532.835
12426.9
12855.6
1067.84
901.224
13169.4
529.788
379.206
12631.6
13396.7
12587.2
455.686
1704.25
13272.8
1294.01
12625.4
950.392
934.798
801.817
525.596
13046.3
559.959
489.537
633.413
13012.5
736.116
12530.7
12668.7
653.157
12914
11347.4
652.026
13059.3
12679.7
13119.2
707.436
13003.5
664.96
853.435
888.473
495.12
25147.9
3977.7
1476.34
12465.7
1307.21
1724.09
484.337
12425.7
1003.41
12218.2
680.03
999.938
829.765
739.958
13251.3
12957.5
930.122
13186.5
13181.4
481.097
1492.05
12077.4
771.761
545.169
13086.6
12214.8
12970.6
1494.13
754.81
12609.5
718.16
13132.5
1667.49
1090.52
508.818
12928.5
516.44
12782.5
13108.6
583.894
12196.7
8365.63
12913.7
13165.3
12794.6
790.733
13186.3
1035.67
2820.37
590.427
4766.08
880.355
14340.3
6206.88
13360.7
12542.8
1058.36
12969.8
13234.3
1086.39
13141.2
13244.9
2736.97
883.869
487.418
13042.5
626.51
7098.79
479.927
13064.9
712.783
572.548
13200.7
12885.4
13169.6
12867.1
335.737
13106.5
13347.2
7533.53
447.687
941.263
608.962
9648.79
1304.34
12876.7
12664.6
663.386
13029.2
13085
13142.8
12781.7
12771.9
13295
710.92
13034.7
13152.4
12866.8
783.267
856.425
6597.29
13089.7
12807.3
967.829
535.105
541.493
490.505
447.153
13367.2
13209.8
702.971
12740.6
11857
599.545
650.435
736.058
743.794
922.45
576.999
12920.8
611.454
992.023
5667.71
873.447
13264.8
684.035
746.197
731.511
660.952
902.667
974.636
1259.07
677.3
519.409
12452.2
13165.4
717.117
533.426
747.377
9686.41
1218.04
2810.97
803.589
5417.68
13188.3
13070.3
475.647
901.401
13012.3
12704.2
12629.4
531.124
13099.4
2581.7
12942.2
505.472
13410.1
13090.4
3233.93
6799.67
12938.1
1050.73
681.669
13245.4
13075.1
13106.3
4723.23
610.313
684.597
561.625
917.189
559.556
510.303
12691.2
13276.2
2739.57
12979.8
781.174
461.843
8742.48
791.097
13338.7
1807.4
2068.11
496.853
873.247
13060
13317.8
496.241
4327.59
650.862
13236.4
1617.47
13079.5
12847.4
13138.7
693
609.998
13138.7
770.886
1202.18
12939.6
516.791
391.933
1872.66
12419
10430.6
1202.88
13027.3
495.27
1751.81
13082.3
13230.6
524.521
1027.72
591.627
13149.9
503.455
13008.6
561.564
13013.3
13093.4
12965.7
12779.9
1205.51
13293.1
491.749
13057.4
650.238
12843.6
588.807
11609.9
445.383
13094.5
436.766
12961
623.419
6998.06
12924.7
12945.9
12991.6
2454.83
716.142
12959
1059.05
694.847
12946.5
602.743
13175.7
930.193
12977.6
13027.3
12948.1
5863.61
812.532
1066.94
12885.2
653.418
505.759
12537
12831.1
12872.5
13325.8
763.683
676.564
797.696
13030.6
701.443
441.825
480.759
859.372
783.043
13040.9
1450.93
12857.4
11530.2
11567
659.919
13340.9
689.171
419.611
884.933
13266.1
13464.3
12799.9
611.155
438.486
13227.7
1569.72
588.988
325.739
710.7
12949.4
1187.25
13278.6
12640.3
655.839
13193.3
12657.1
12795.7
426.634
13361.4
13029.9
8751.35
926.704
626.937
788.023
12913.4
12593.7
12598.9
12830.6
11178.1
1424.53
12870.6
572.085
12694.1
13122.9
2962.44
13238.9
1055.41
12877.4
860.839
2936.03
13239.5
12270.9
449.301
735.958
7197.21
13295.9
1031.13
824.349
816.997
752.635
12845.6
1158.26
12849
12825.1
1012.08
561.954
13139.3
13121.2
532.45
887.019
12233.5
13276.2
484.622
13095.9
488.523
12946
2499.02
12169.3
13088.6
1699.55
672.554
12043.6
12902.2
823.087
424.797
12902.2
895.069
13134.2
529.617
12829.6
1690.17
5499.51
3171.18
13420.4
13024.9
426.93
13126.1
708.607
4053.01
880.863
13154
2302.61
12763.1
1648.31
13236.1
13043
526.821
529.726
12918.1
549.933
13042
12499
12909.5
12678.8
1235.8
13270.7
4788.5
4124.2
975.82
13031.4
787.732
683.139
1035.67
751.194
598.675
13169.5
584.479
13085.4
12944.1
880.068
13006.2
507.868
13196.2
762.909
645.281
799.56
499.547
7394.08
571.447
552.083
530.943
506.331
1122.53
833.161
1694.1
490.029
612.694
538.204
605.281
13346.2
558.033
12020.5
13231.6
590.959
910.179
13068.4
13034
2649.98
13011.5
12407.8
8770.8
463.195
608.143
9623.24
13012
559.401
8707.41
12730.2
465.032
1007.6
2044.51
1196.44
723.602
12734.5
13354.3
13117.6
13158.4
779.781
921.124
912.09
13121.8
763.342
755.146
12976.7
677.282
1071.47
4552.31
13054.2
338.391
13144.6
397.925
2379.85
593.154
12960.9
13004
13053.7
948.41
629.597
555.752
12903.6
1120.47
13085.2
12943.1
883.829
1657.19
13275.9
496.399
1324.7
12645.9
13216.6
5541.15
637.139
434.169
13354.6
522.105
13258.8
598.128
13153.8
1090.95
524.537
2216.68
733.236
3651.72
13055.6
13038.7
13096.9
12853.4
12869
1262.04
848.344
6408.43
12830.5
13196.9
667.174
12894
507.123
873.868
12511.1
12947.7
521.372
12733.7
415.033
12831.1
12964.7
1053.68
566.288
552.052
13196.4
8222.96
12699.6
4520.67
12704.9
12583.1
421.977
12987.4
2030.76
600.049
12952.7
439.306
782.27
12996.2
960.28
12108.2
563.344
12864.1
13052.9
770.095
13230.5
12628.3
653.772
12859.4
1751.77
12995.5
694.53
1223.94
476.944
630.03
12024.9
1796.02
596.557
629.387
1195.25
13122.5
12918.7
12737.1
12688.9
11106.7
924.799
501.783
824.245
12978.3
565.458
12939.1
12072.7
768.097
648.436
13080.9
13103.3
12873.4
411.162
679.306
869.898
1389.72
538.696
483.241
12796.1
13069
872.961
13299.7
2425.72
526.51
778.568
606.967
502.672
653.047
13251.2
538.115
1600.04
13025.7
580.142
1247.73
3739.62
13501.7
1054.91
613.098
644.806
12955.3
10945.2
716.969
483.946
12462.3
12766.4
948.64
2356.71
13002.2
13191.5
13187.4
3407.67
6199.07
13182.9
12760.4
12957.3
12715.2
10123.1
12703.2
687.691
13152.3
12986.3
524.474
12014.1
13052
1715.84
12768.7
12227.8
503.947
590.691
487.716
929.858
12696.1
12711.2
936.864
784.859
891.056
1401.34
9449.99
2284.12
13419
12927.1
13350
575.333
922.866
615.813
13006.3
13164.4
12374.3
12659.4
13210.9
583.303
12977.1
12891.9
504.26
460.641
561.382
2223.07
12898.1
727.864
13135.7
614.396
12947.6
10535.6
12585.3
684.808
1906.57
12921.4
589.867
523.275
13057.6
3203.61
13241.3
1514.72
7638.61
13334.3
841.258
12984.9
456.536
410.613
6298.79
866.391
491.576
1128.94
13258.8
390.187
13308.7
13294.3
2691.95
564.397
1931.1
13038.3
12928.6
1462.12
477.018
13159.4
12596.7
654.413
10616.4
6284.57
820.385
673.856
542.151
554.63
10002.8
13374
2415.08
13332
12354.7
13052.5
635.918
5426.47
474.952
1285.46
623.037
12965.1
565.124
12802.6
641.644
12682.2
12982.3
1767.22
649.546
13141.2
475.315
12610.3
857.585
1074.97
6575.68
705.525
851.668
13406.4
1221.7
550.019
12953.1
883.975
559.553
13283.5
12548.9
13000.3
984.806
13125.3
1285.24
12866.6
7006.83
13098.9
697.116
5686.77
1047.46
12354.7
558.818
12862.9
3928.72
12811.7
497.56
559.229
10418.6
842.98
537.191
13334.4
558.911
12918.9
989.585
1019.09
11369.8
664.85
770.146
11352
496.124
12810.2
970.043
684.022
466.928
5857.68
779.269
591.517
818.003
12748.1
515.014
554.878
539.156
13033
12215.1
13331.4
660.079
1056.4
676.738
1166.53
487.94
12907.3
13228.4
550.64
12466.9
4165.03
761.982
2112.89
3619.65
1977.69
13168.6
499.68
9135.06
12310.8
499.983
619.009
13109.5
1055.97
578.022
3187.48
12996.5
565.208
4159.9
12920.9
13217.1
12978.6
13046.3
13038.3
4130.05
905.886
684.051
12930.3
13155
1017.14
732.659
13315.6
544.228
1143.95
695.556
940.869
5031.97
12308
472.76
672.33
12823.4
12766.7
561.209
12872.3
2281.79
12653.3
13288.5
12895.9
10314.1
846.013
588.935
12970.6
12890.7
741.405
13226.5
7397.67
724.035
1590.82
12767.4
12861.1
941.609
583.511
445.602
13329.7
1383.5
13145.2
973.072
12914.2
690.255
13292.3
13241.3
13062.1
644.221
642.601
582.534
12763.3
774.551
365.727
12865
586.845
12966.3
13062.1
600.328
7711.33
12936.3
12938.7
13096.6
478.656
10823
13185.8
13087.4
12537
12847.4
12823.3
522.6
13188.1
443.279
13117.9
13048.5
12609.3
1311.61
12851.7
500.551
1167.23
12964.5
715.94
2659.84
13049
771.389
12882.8
12646.5
552.506
13412.4
12701.8
12965.5
1384.26
669.647
535.058
1725.05
483.276
12942.4
693.766
590.365
12584.4
900.184
2778.09
485.231
930.859
442.375
13299.4
764.47
13317.1
12568.1
577.436
4633.71
13203.6
586.077
547.2
593.687
12883.8
7620.44
13211
13246.8
13029.3
12848.9
12777.7
12959.1
13102.8
13434.7
460.15
502.124
720.164
471.772
2192.86
532.354
1549.87
6492
1399.81
574.685
539.294
12738.7
13102.4
12977.3
12823
13009.2
545.167
12777.4
982.773
848.304
1707.94
12799.4
20551.6
686.207
5788.46
1190.1
821.177
13361.6
903.556
12599
1310.46
13278.5
546.579
13043.6
867.362
12904.5
505.217
13201.6
12960.8
13151.7
8857
13136.5
1556.04
13040
3537.23
12620.5
13224.7
13370.7
4070.07
13094.3
12536.8
589.428
656.042
517.83
12711.7
13307.9
13039.9
504.745
1328.2
13036.2
13097.9
897.738
2659.57
745.464
512.358
13050.2
13284.8
826.982
442.315
1025.53
16635
666.49
1480.14
1127.54
12900.9
10861.2
13252.5
12700.2
12493.5
12667.8
557.607
13032.5
719.654
13105.3
13105.3
